1 2 -57
2 1 -63
1 3 -56
3 1 -56
1 4 -64
4 1 -62
1 5 -65
5 1 -56
1 6 -63
6 1 -58
1 7 -62
7 1 -65
1 8 -65
8 1 -61
1 9 -58
9 1 -61
1 10 -59
10 1 -64
1 11 -57
11 1 -60
1 12 -60
12 1 -64
1 13 -61
13 1 -57
1 14 -59
14 1 -60
1 15 -58
15 1 -63
2 3 -58
3 2 -61
2 4 -65
4 2 -58
2 5 -64
5 2 -65
2 6 -65
6 2 -64
2 7 -62
7 2 -60
2 8 -56
8 2 -61
2 9 -61
9 2 -57
2 10 -63
10 2 -64
2 11 -65
11 2 -61
2 12 -56
12 2 -56
2 13 -57
13 2 -58
2 14 -61
14 2 -64
2 15 -57
15 2 -60
3 4 -61
4 3 -58
3 5 -58
5 3 -63
3 6 -61
6 3 -60
3 7 -64
7 3 -61
3 8 -60
8 3 -59
3 9 -56
9 3 -62
3 10 -64
10 3 -63
3 11 -64
11 3 -57
3 12 -62
12 3 -59
3 13 -62
13 3 -58
3 14 -58
14 3 -57
3 15 -62
15 3 -63
4 5 -56
5 4 -58
4 6 -64
6 4 -57
4 7 -57
7 4 -60
4 8 -64
8 4 -58
4 9 -60
9 4 -63
4 10 -57
10 4 -63
4 11 -65
11 4 -65
4 12 -57
12 4 -65
4 13 -56
13 4 -64
4 14 -65
14 4 -61
4 15 -64
15 4 -65
5 6 -65
6 5 -60
5 7 -60
7 5 -60
5 8 -62
8 5 -63
5 9 -63
9 5 -57
5 10 -56
10 5 -65
5 11 -62
11 5 -57
5 12 -58
12 5 -59
5 13 -58
13 5 -59
5 14 -61
14 5 -64
5 15 -56
15 5 -60
6 7 -57
7 6 -58
6 8 -62
8 6 -60
6 9 -56
9 6 -62
6 10 -59
10 6 -58
6 11 -57
11 6 -56
6 12 -64
12 6 -63
6 13 -58
13 6 -57
6 14 -57
14 6 -60
6 15 -56
15 6 -64
7 8 -57
8 7 -60
7 9 -62
9 7 -61
7 10 -56
10 7 -58
7 11 -56
11 7 -61
7 12 -62
12 7 -61
7 13 -60
13 7 -60
7 14 -56
14 7 -65
7 15 -62
15 7 -63
8 9 -65
9 8 -62
8 10 -62
10 8 -63
8 11 -63
11 8 -64
8 12 -58
12 8 -63
8 13 -59
13 8 -58
8 14 -57
14 8 -57
8 15 -57
15 8 -58
9 10 -56
10 9 -59
9 11 -57
11 9 -59
9 12 -56
12 9 -64
9 13 -62
13 9 -63
9 14 -61
14 9 -64
9 15 -64
15 9 -65
10 11 -65
11 10 -63
10 12 -60
12 10 -65
10 13 -61
13 10 -65
10 14 -56
14 10 -64
10 15 -56
15 10 -56
11 12 -64
12 11 -56
11 13 -64
13 11 -60
11 14 -65
14 11 -64
11 15 -59
15 11 -62
12 13 -60
13 12 -64
12 14 -59
14 12 -62
12 15 -65
15 12 -60
13 14 -59
14 13 -60
13 15 -64
15 13 -65
14 15 -56
15 14 -58
