1 3 -64
3 1 -62
1 4 -64
4 1 -57
1 6 -64
6 1 -64
1 7 -64
7 1 -63
1 11 -58
11 1 -56
1 13 -63
13 1 -57
1 14 -62
14 1 -63
2 3 -64
3 2 -61
2 6 -59
6 2 -65
2 10 -61
10 2 -62
2 12 -62
12 2 -62
2 14 -59
14 2 -64
3 5 -60
5 3 -62
3 7 -58
7 3 -58
3 8 -64
8 3 -60
3 11 -56
11 3 -61
3 12 -64
12 3 -64
3 13 -56
13 3 -59
3 14 -63
14 3 -58
3 16 -64
16 3 -64
4 5 -57
5 4 -59
4 6 -59
6 4 -56
4 9 -59
9 4 -63
4 11 -61
11 4 -57
4 14 -65
14 4 -61
5 11 -64
11 5 -62
5 13 -57
13 5 -62
6 7 -56
7 6 -61
6 9 -62
9 6 -62
6 11 -59
11 6 -56
6 12 -59
12 6 -57
6 14 -63
14 6 -59
7 8 -58
8 7 -59
7 11 -64
11 7 -60
7 12 -61
12 7 -63
7 13 -58
13 7 -65
8 13 -64
13 8 -59
8 15 -65
15 8 -63
9 10 -58
10 9 -58
9 15 -62
15 9 -64
10 14 -56
14 10 -58
10 15 -62
15 10 -57
11 12 -62
12 11 -59
12 13 -62
13 12 -65
12 16 -61
16 12 -65
13 15 -62
15 13 -64
14 16 -59
16 14 -61
