1 2 -59
2 1 -63
1 3 -63
3 1 -59
1 4 -60
4 1 -57
1 5 -64
5 1 -60
1 6 -59
6 1 -57
1 7 -61
7 1 -57
1 8 -57
8 1 -62
1 9 -61
9 1 -56
1 10 -61
10 1 -65
1 11 -56
11 1 -63
1 12 -61
12 1 -65
1 13 -65
13 1 -60
1 14 -61
14 1 -61
1 15 -57
15 1 -59
1 16 -59
16 1 -59
2 3 -62
3 2 -62
2 4 -57
4 2 -64
2 5 -60
5 2 -57
2 6 -56
6 2 -58
2 7 -59
7 2 -63
2 8 -57
8 2 -61
2 9 -65
9 2 -58
2 10 -64
10 2 -65
2 11 -58
11 2 -64
2 12 -63
12 2 -58
2 13 -58
13 2 -56
2 14 -63
14 2 -57
2 15 -62
15 2 -60
2 16 -57
16 2 -62
3 4 -62
4 3 -61
3 5 -62
5 3 -56
3 6 -60
6 3 -61
3 7 -63
7 3 -56
3 8 -58
8 3 -65
3 9 -63
9 3 -56
3 10 -63
10 3 -64
3 11 -60
11 3 -57
3 12 -57
12 3 -65
3 13 -57
13 3 -56
3 14 -61
14 3 -61
3 15 -62
15 3 -57
3 16 -63
16 3 -56
4 5 -59
5 4 -65
4 6 -64
6 4 -63
4 7 -64
7 4 -58
4 8 -60
8 4 -63
4 9 -58
9 4 -60
4 10 -61
10 4 -60
4 11 -56
11 4 -59
4 12 -56
12 4 -56
4 13 -62
13 4 -58
4 14 -57
14 4 -64
4 15 -63
15 4 -60
4 16 -64
16 4 -65
5 6 -60
6 5 -57
5 7 -65
7 5 -58
5 8 -57
8 5 -64
5 9 -60
9 5 -65
5 10 -65
10 5 -56
5 11 -57
11 5 -58
5 12 -64
12 5 -65
5 13 -58
13 5 -62
5 14 -61
14 5 -61
5 15 -65
15 5 -65
5 16 -56
16 5 -57
6 7 -60
7 6 -56
6 8 -61
8 6 -63
6 9 -60
9 6 -62
6 10 -59
10 6 -57
6 11 -62
11 6 -60
6 12 -58
12 6 -59
6 13 -61
13 6 -56
6 14 -59
14 6 -64
6 15 -62
15 6 -58
6 16 -60
16 6 -59
7 8 -57
8 7 -58
7 9 -64
9 7 -64
7 10 -56
10 7 -56
7 11 -62
11 7 -57
7 12 -61
12 7 -64
7 13 -59
13 7 -63
7 14 -58
14 7 -57
7 15 -61
15 7 -64
7 16 -58
16 7 -59
8 9 -61
9 8 -57
8 10 -60
10 8 -59
8 11 -61
11 8 -56
8 12 -58
12 8 -64
8 13 -64
13 8 -63
8 14 -56
14 8 -63
8 15 -63
15 8 -62
8 16 -64
16 8 -62
9 10 -57
10 9 -64
9 11 -58
11 9 -60
9 12 -59
12 9 -64
9 13 -63
13 9 -56
9 14 -56
14 9 -57
9 15 -58
15 9 -60
9 16 -56
16 9 -65
10 11 -60
11 10 -65
10 12 -58
12 10 -63
10 13 -58
13 10 -57
10 14 -65
14 10 -59
10 15 -60
15 10 -64
10 16 -59
16 10 -63
11 12 -61
12 11 -63
11 13 -58
13 11 -58
11 14 -61
14 11 -57
11 15 -62
15 11 -61
11 16 -63
16 11 -58
12 13 -62
13 12 -63
12 14 -64
14 12 -65
12 15 -63
15 12 -59
12 16 -59
16 12 -62
13 14 -63
14 13 -63
13 15 -61
15 13 -59
13 16 -64
16 13 -57
14 15 -65
15 14 -64
14 16 -60
16 14 -59
15 16 -64
16 15 -61
