1 3 -56
3 1 -62
1 4 -60
4 1 -63
1 5 -64
5 1 -61
1 7 -58
7 1 -64
1 10 -58
10 1 -56
1 12 -64
12 1 -65
1 14 -59
14 1 -60
2 4 -57
4 2 -63
2 6 -58
6 2 -61
2 7 -64
7 2 -65
2 9 -59
9 2 -58
2 12 -58
12 2 -57
2 15 -65
15 2 -64
3 7 -60
7 3 -65
3 8 -65
8 3 -62
3 12 -57
12 3 -58
3 13 -63
13 3 -62
4 7 -62
7 4 -59
4 8 -63
8 4 -60
4 12 -58
12 4 -64
4 13 -62
13 4 -57
5 10 -62
10 5 -62
5 16 -62
16 5 -61
6 9 -62
9 6 -62
6 11 -58
11 6 -58
6 15 -62
15 6 -59
6 16 -60
16 6 -65
7 8 -57
8 7 -58
7 10 -57
10 7 -60
7 11 -60
11 7 -60
7 14 -57
14 7 -61
8 9 -57
9 8 -59
8 11 -59
11 8 -65
9 11 -63
11 9 -60
9 13 -64
13 9 -56
9 14 -65
14 9 -62
10 13 -65
13 10 -60
11 12 -63
12 11 -59
11 14 -63
14 11 -56
13 14 -59
14 13 -63
15 16 -59
16 15 -65
