1 2 -57
2 1 -65
1 3 -60
3 1 -59
1 4 -60
4 1 -57
1 5 -58
5 1 -59
1 6 -61
6 1 -56
1 7 -61
7 1 -59
1 8 -61
8 1 -62
1 9 -58
9 1 -65
1 10 -61
10 1 -58
1 11 -64
11 1 -56
1 12 -59
12 1 -65
1 13 -65
13 1 -65
1 14 -57
14 1 -59
1 15 -57
15 1 -62
1 16 -58
16 1 -56
2 3 -61
3 2 -61
2 4 -58
4 2 -57
2 5 -63
5 2 -58
2 6 -62
6 2 -62
2 7 -57
7 2 -62
2 8 -57
8 2 -63
2 9 -56
9 2 -62
2 10 -56
10 2 -56
2 11 -56
11 2 -59
2 12 -57
12 2 -64
2 13 -63
13 2 -64
2 14 -62
14 2 -64
2 15 -65
15 2 -63
2 16 -64
16 2 -63
3 4 -56
4 3 -57
3 5 -61
5 3 -65
3 6 -65
6 3 -65
3 7 -64
7 3 -65
3 8 -61
8 3 -63
3 9 -65
9 3 -57
3 10 -61
10 3 -57
3 11 -62
11 3 -58
3 12 -57
12 3 -58
3 13 -58
13 3 -58
3 14 -65
14 3 -61
3 15 -64
15 3 -63
3 16 -62
16 3 -65
4 5 -59
5 4 -57
4 6 -58
6 4 -57
4 7 -60
7 4 -64
4 8 -64
8 4 -61
4 9 -56
9 4 -65
4 10 -65
10 4 -61
4 11 -56
11 4 -62
4 12 -59
12 4 -60
4 13 -64
13 4 -61
4 14 -63
14 4 -60
4 15 -64
15 4 -62
4 16 -58
16 4 -61
5 6 -62
6 5 -59
5 7 -62
7 5 -63
5 8 -62
8 5 -61
5 9 -63
9 5 -60
5 10 -58
10 5 -57
5 11 -65
11 5 -64
5 12 -58
12 5 -58
5 13 -64
13 5 -64
5 14 -60
14 5 -63
5 15 -65
15 5 -62
5 16 -58
16 5 -57
6 7 -65
7 6 -58
6 8 -58
8 6 -57
6 9 -65
9 6 -59
6 10 -63
10 6 -58
6 11 -64
11 6 -61
6 12 -57
12 6 -61
6 13 -60
13 6 -60
6 14 -61
14 6 -62
6 15 -64
15 6 -60
6 16 -60
16 6 -65
7 8 -65
8 7 -59
7 9 -59
9 7 -58
7 10 -61
10 7 -57
7 11 -57
11 7 -58
7 12 -56
12 7 -58
7 13 -57
13 7 -56
7 14 -64
14 7 -57
7 15 -57
15 7 -60
7 16 -63
16 7 -64
8 9 -57
9 8 -65
8 10 -63
10 8 -60
8 11 -59
11 8 -59
8 12 -62
12 8 -57
8 13 -57
13 8 -56
8 14 -60
14 8 -65
8 15 -61
15 8 -63
8 16 -57
16 8 -56
9 10 -65
10 9 -60
9 11 -56
11 9 -61
9 12 -56
12 9 -61
9 13 -58
13 9 -56
9 14 -56
14 9 -60
9 15 -57
15 9 -61
9 16 -56
16 9 -63
10 11 -62
11 10 -58
10 12 -63
12 10 -58
10 13 -58
13 10 -64
10 14 -60
14 10 -56
10 15 -62
15 10 -57
10 16 -59
16 10 -60
11 12 -59
12 11 -62
11 13 -57
13 11 -58
11 14 -65
14 11 -64
11 15 -61
15 11 -56
11 16 -63
16 11 -61
12 13 -63
13 12 -63
12 14 -61
14 12 -56
12 15 -59
15 12 -64
12 16 -59
16 12 -60
13 14 -65
14 13 -64
13 15 -65
15 13 -63
13 16 -58
16 13 -65
14 15 -63
15 14 -56
14 16 -63
16 14 -59
15 16 -57
16 15 -64
