1 5 -56
5 1 -63
1 8 -58
8 1 -62
1 10 -64
10 1 -60
1 12 -59
12 1 -57
2 3 -57
3 2 -60
2 6 -58
6 2 -64
2 7 -58
7 2 -57
2 9 -61
9 2 -63
2 10 -58
10 2 -58
2 16 -57
16 2 -60
3 5 -60
5 3 -62
3 6 -63
6 3 -65
3 9 -65
9 3 -57
3 10 -61
10 3 -64
4 7 -58
7 4 -61
4 9 -60
9 4 -65
4 10 -56
10 4 -62
4 12 -60
12 4 -62
4 13 -56
13 4 -60
4 14 -60
14 4 -62
4 15 -60
15 4 -62
5 7 -61
7 5 -56
5 9 -65
9 5 -63
5 11 -64
11 5 -59
5 12 -57
12 5 -64
5 14 -65
14 5 -64
5 15 -62
15 5 -56
6 8 -62
8 6 -58
6 10 -65
10 6 -57
6 11 -57
11 6 -60
6 12 -59
12 6 -59
6 14 -58
14 6 -56
6 15 -59
15 6 -64
7 8 -58
8 7 -64
7 13 -63
13 7 -60
7 15 -60
15 7 -59
8 10 -62
10 8 -56
8 11 -57
11 8 -59
8 12 -56
12 8 -61
8 13 -58
13 8 -59
9 11 -64
11 9 -64
10 12 -59
12 10 -58
10 14 -57
14 10 -64
11 12 -63
12 11 -60
12 13 -58
13 12 -63
13 15 -64
15 13 -56
14 15 -63
15 14 -64
