1 2 -63
2 1 -58
1 3 -61
3 1 -63
1 4 -65
4 1 -59
1 5 -59
5 1 -59
1 6 -65
6 1 -57
1 7 -56
7 1 -60
1 8 -59
8 1 -63
1 9 -65
9 1 -64
1 10 -64
10 1 -61
1 11 -64
11 1 -56
1 12 -60
12 1 -60
1 13 -60
13 1 -56
1 14 -65
14 1 -62
1 15 -57
15 1 -62
1 16 -58
16 1 -58
2 3 -62
3 2 -64
2 4 -60
4 2 -61
2 5 -58
5 2 -61
2 6 -62
6 2 -65
2 7 -60
7 2 -61
2 8 -56
8 2 -58
2 9 -58
9 2 -64
2 10 -59
10 2 -63
2 11 -61
11 2 -58
2 12 -62
12 2 -62
2 13 -62
13 2 -65
2 14 -58
14 2 -62
2 15 -60
15 2 -63
2 16 -57
16 2 -61
3 4 -63
4 3 -58
3 5 -62
5 3 -56
3 6 -59
6 3 -60
3 7 -58
7 3 -58
3 8 -56
8 3 -60
3 9 -60
9 3 -61
3 10 -62
10 3 -62
3 11 -65
11 3 -62
3 12 -57
12 3 -65
3 13 -60
13 3 -63
3 14 -57
14 3 -58
3 15 -64
15 3 -57
3 16 -61
16 3 -61
4 5 -62
5 4 -58
4 6 -59
6 4 -60
4 7 -58
7 4 -63
4 8 -61
8 4 -61
4 9 -56
9 4 -64
4 10 -61
10 4 -61
4 11 -65
11 4 -62
4 12 -58
12 4 -62
4 13 -65
13 4 -62
4 14 -60
14 4 -63
4 15 -63
15 4 -62
4 16 -57
16 4 -58
5 6 -63
6 5 -56
5 7 -57
7 5 -57
5 8 -56
8 5 -63
5 9 -60
9 5 -56
5 10 -58
10 5 -59
5 11 -57
11 5 -64
5 12 -64
12 5 -62
5 13 -64
13 5 -64
5 14 -63
14 5 -64
5 15 -56
15 5 -59
5 16 -64
16 5 -65
6 7 -57
7 6 -59
6 8 -64
8 6 -56
6 9 -63
9 6 -62
6 10 -59
10 6 -60
6 11 -60
11 6 -60
6 12 -57
12 6 -62
6 13 -60
13 6 -57
6 14 -64
14 6 -62
6 15 -64
15 6 -60
6 16 -62
16 6 -57
7 8 -58
8 7 -60
7 9 -59
9 7 -64
7 10 -61
10 7 -63
7 11 -62
11 7 -63
7 12 -63
12 7 -57
7 13 -63
13 7 -57
7 14 -56
14 7 -59
7 15 -60
15 7 -64
7 16 -64
16 7 -63
8 9 -57
9 8 -58
8 10 -64
10 8 -58
8 11 -56
11 8 -59
8 12 -63
12 8 -59
8 13 -59
13 8 -60
8 14 -61
14 8 -57
8 15 -62
15 8 -61
8 16 -63
16 8 -62
9 10 -56
10 9 -61
9 11 -64
11 9 -62
9 12 -63
12 9 -58
9 13 -59
13 9 -56
9 14 -63
14 9 -60
9 15 -57
15 9 -56
9 16 -61
16 9 -58
10 11 -62
11 10 -64
10 12 -61
12 10 -57
10 13 -61
13 10 -65
10 14 -59
14 10 -56
10 15 -63
15 10 -65
10 16 -63
16 10 -57
11 12 -59
12 11 -62
11 13 -59
13 11 -60
11 14 -61
14 11 -62
11 15 -59
15 11 -60
11 16 -58
16 11 -59
12 13 -62
13 12 -60
12 14 -61
14 12 -56
12 15 -59
15 12 -63
12 16 -56
16 12 -63
13 14 -62
14 13 -60
13 15 -56
15 13 -63
13 16 -61
16 13 -57
14 15 -65
15 14 -59
14 16 -59
16 14 -64
15 16 -61
16 15 -57
