1 2 -36
2 1 -33
1 7 -49
7 1 -45
1 8 -50
8 1 -50
1 9 -44
9 1 -35
1 11 -32
11 1 -43
1 13 -49
13 1 -36
1 15 -31
15 1 -34
1 16 -31
16 1 -43
2 4 -47
4 2 -42
2 6 -31
6 2 -42
2 7 -35
7 2 -48
2 10 -41
10 2 -34
2 14 -32
14 2 -46
2 15 -40
15 2 -45
3 8 -32
8 3 -32
3 10 -31
10 3 -38
3 11 -44
11 3 -31
3 12 -36
12 3 -46
3 13 -34
13 3 -32
3 16 -39
16 3 -45
4 6 -35
6 4 -35
4 7 -40
7 4 -32
4 8 -47
8 4 -50
4 9 -37
9 4 -34
4 11 -34
11 4 -34
4 12 -42
12 4 -45
4 13 -38
13 4 -33
4 15 -43
15 4 -50
5 6 -47
6 5 -34
5 7 -38
7 5 -47
5 11 -39
11 5 -34
5 13 -34
13 5 -40
5 14 -49
14 5 -35
5 16 -32
16 5 -42
6 9 -32
9 6 -33
6 10 -46
10 6 -40
6 12 -32
12 6 -35
6 13 -49
13 6 -36
6 15 -38
15 6 -31
6 16 -31
16 6 -40
7 9 -41
9 7 -35
8 12 -40
12 8 -43
8 14 -47
14 8 -47
8 15 -46
15 8 -40
8 16 -41
16 8 -41
9 11 -35
11 9 -32
9 12 -45
12 9 -32
9 14 -37
14 9 -47
9 15 -48
15 9 -46
10 13 -40
13 10 -43
10 15 -37
15 10 -45
11 13 -42
13 11 -42
11 16 -40
16 11 -48
12 13 -44
13 12 -33
12 14 -38
14 12 -38
12 15 -45
15 12 -31
13 16 -50
16 13 -47
14 15 -32
15 14 -33
14 16 -32
16 14 -32
