1 3 -45
3 1 -44
1 8 -37
8 1 -40
1 9 -31
9 1 -40
1 13 -33
13 1 -47
1 14 -37
14 1 -41
2 6 -36
6 2 -33
2 8 -42
8 2 -37
2 15 -44
15 2 -38
2 16 -49
16 2 -49
2 17 -47
17 2 -50
3 5 -32
5 3 -34
3 6 -40
6 3 -39
3 8 -34
8 3 -34
3 9 -44
9 3 -46
3 11 -49
11 3 -47
3 13 -36
13 3 -50
3 14 -47
14 3 -48
3 16 -43
16 3 -47
3 18 -36
18 3 -45
3 20 -46
20 3 -41
4 5 -47
5 4 -50
4 8 -43
8 4 -44
4 9 -37
9 4 -39
4 10 -49
10 4 -35
4 11 -43
11 4 -35
4 13 -37
13 4 -34
4 14 -39
14 4 -44
5 7 -42
7 5 -33
5 13 -33
13 5 -39
5 16 -36
16 5 -34
5 18 -31
18 5 -45
5 19 -37
19 5 -44
6 9 -46
9 6 -32
6 15 -49
15 6 -37
6 19 -47
19 6 -31
7 8 -46
8 7 -48
7 10 -50
10 7 -39
7 11 -44
11 7 -32
7 13 -41
13 7 -32
7 14 -31
14 7 -47
7 16 -39
16 7 -44
7 19 -44
19 7 -39
7 20 -43
20 7 -45
8 11 -37
11 8 -43
8 15 -38
15 8 -37
8 17 -43
17 8 -47
8 19 -47
19 8 -45
8 20 -44
20 8 -46
9 10 -44
10 9 -43
9 13 -38
13 9 -44
9 16 -34
16 9 -47
9 20 -33
20 9 -49
10 13 -33
13 10 -42
10 15 -41
15 10 -43
10 18 -50
18 10 -43
10 19 -31
19 10 -31
11 12 -33
12 11 -47
11 16 -34
16 11 -42
11 19 -37
19 11 -43
11 20 -46
20 11 -31
12 13 -43
13 12 -42
12 14 -44
14 12 -46
12 15 -46
15 12 -50
13 14 -34
14 13 -43
13 15 -45
15 13 -32
13 16 -34
16 13 -47
13 20 -35
20 13 -32
14 15 -33
15 14 -37
14 16 -32
16 14 -43
14 18 -46
18 14 -42
15 19 -41
19 15 -46
15 20 -49
20 15 -47
16 20 -45
20 16 -43
17 19 -33
19 17 -32
19 20 -37
20 19 -49
