1 2 -45
2 1 -46
1 3 -44
3 1 -43
1 4 -37
4 1 -46
1 5 -40
5 1 -38
1 6 -50
6 1 -50
1 7 -34
7 1 -36
1 8 -39
8 1 -31
1 9 -35
9 1 -33
1 10 -46
10 1 -43
1 11 -35
11 1 -48
1 12 -37
12 1 -46
1 13 -46
13 1 -32
1 14 -45
14 1 -37
1 15 -38
15 1 -47
1 16 -41
16 1 -36
2 3 -43
3 2 -31
2 4 -47
4 2 -40
2 5 -36
5 2 -34
2 6 -33
6 2 -45
2 7 -42
7 2 -48
2 8 -49
8 2 -48
2 9 -41
9 2 -46
2 10 -49
10 2 -47
2 11 -40
11 2 -45
2 12 -40
12 2 -31
2 13 -32
13 2 -46
2 14 -42
14 2 -45
2 15 -48
15 2 -46
2 16 -41
16 2 -32
3 4 -41
4 3 -40
3 5 -34
5 3 -31
3 6 -35
6 3 -41
3 7 -49
7 3 -49
3 8 -38
8 3 -33
3 9 -42
9 3 -50
3 10 -45
10 3 -39
3 11 -32
11 3 -34
3 12 -34
12 3 -31
3 13 -32
13 3 -40
3 14 -39
14 3 -45
3 15 -42
15 3 -40
3 16 -49
16 3 -45
4 5 -32
5 4 -41
4 6 -38
6 4 -39
4 7 -48
7 4 -49
4 8 -50
8 4 -31
4 9 -33
9 4 -33
4 10 -38
10 4 -49
4 11 -49
11 4 -36
4 12 -40
12 4 -37
4 13 -50
13 4 -50
4 14 -41
14 4 -32
4 15 -38
15 4 -40
4 16 -48
16 4 -38
5 6 -34
6 5 -40
5 7 -44
7 5 -50
5 8 -50
8 5 -37
5 9 -44
9 5 -46
5 10 -45
10 5 -47
5 11 -47
11 5 -45
5 12 -49
12 5 -35
5 13 -47
13 5 -35
5 14 -46
14 5 -31
5 15 -50
15 5 -47
5 16 -37
16 5 -31
6 7 -33
7 6 -32
6 8 -50
8 6 -39
6 9 -35
9 6 -31
6 10 -47
10 6 -43
6 11 -41
11 6 -47
6 12 -43
12 6 -41
6 13 -49
13 6 -43
6 14 -36
14 6 -41
6 15 -35
15 6 -48
6 16 -45
16 6 -42
7 8 -35
8 7 -38
7 9 -40
9 7 -38
7 10 -45
10 7 -41
7 11 -39
11 7 -44
7 12 -48
12 7 -36
7 13 -50
13 7 -50
7 14 -38
14 7 -39
7 15 -43
15 7 -33
7 16 -49
16 7 -33
8 9 -31
9 8 -39
8 10 -46
10 8 -35
8 11 -35
11 8 -35
8 12 -32
12 8 -35
8 13 -43
13 8 -31
8 14 -43
14 8 -50
8 15 -41
15 8 -32
8 16 -48
16 8 -35
9 10 -41
10 9 -47
9 11 -45
11 9 -31
9 12 -35
12 9 -48
9 13 -35
13 9 -35
9 14 -35
14 9 -32
9 15 -44
15 9 -34
9 16 -40
16 9 -44
10 11 -36
11 10 -34
10 12 -45
12 10 -45
10 13 -40
13 10 -46
10 14 -38
14 10 -45
10 15 -35
15 10 -42
10 16 -45
16 10 -42
11 12 -44
12 11 -31
11 13 -37
13 11 -48
11 14 -36
14 11 -40
11 15 -44
15 11 -50
11 16 -35
16 11 -44
12 13 -40
13 12 -33
12 14 -40
14 12 -49
12 15 -38
15 12 -37
12 16 -48
16 12 -46
13 14 -49
14 13 -49
13 15 -47
15 13 -31
13 16 -50
16 13 -46
14 15 -44
15 14 -46
14 16 -35
16 14 -37
15 16 -42
16 15 -37
