1 2 -50
2 1 -39
1 4 -31
4 1 -43
1 8 -37
8 1 -44
1 9 -42
9 1 -44
1 10 -41
10 1 -37
1 11 -36
11 1 -50
1 14 -39
14 1 -41
1 15 -49
15 1 -41
1 16 -37
16 1 -45
2 3 -43
3 2 -42
2 4 -45
4 2 -33
2 5 -44
5 2 -46
2 10 -38
10 2 -39
2 11 -36
11 2 -44
2 14 -37
14 2 -31
2 16 -39
16 2 -38
3 8 -42
8 3 -43
3 9 -49
9 3 -39
3 13 -49
13 3 -35
3 14 -46
14 3 -50
3 15 -49
15 3 -42
3 16 -43
16 3 -42
4 6 -42
6 4 -40
4 7 -45
7 4 -34
4 8 -38
8 4 -38
4 10 -36
10 4 -45
4 12 -38
12 4 -37
4 15 -43
15 4 -47
4 16 -50
16 4 -38
5 7 -49
7 5 -47
5 8 -34
8 5 -34
5 10 -44
10 5 -40
5 14 -43
14 5 -44
5 16 -42
16 5 -38
6 7 -42
7 6 -50
6 10 -31
10 6 -36
6 12 -46
12 6 -33
6 13 -45
13 6 -31
6 14 -35
14 6 -37
6 15 -41
15 6 -50
7 8 -39
8 7 -46
7 9 -39
9 7 -46
7 10 -38
10 7 -35
7 11 -31
11 7 -31
7 12 -32
12 7 -41
7 13 -43
13 7 -32
8 9 -42
9 8 -39
8 10 -46
10 8 -42
8 14 -47
14 8 -48
9 12 -44
12 9 -33
9 13 -47
13 9 -45
9 15 -42
15 9 -42
9 16 -33
16 9 -47
10 11 -41
11 10 -48
10 12 -32
12 10 -34
10 15 -39
15 10 -33
11 12 -48
12 11 -40
11 13 -43
13 11 -47
11 14 -38
14 11 -41
12 14 -49
14 12 -38
13 14 -36
14 13 -35
